# Source 30-window schedule plus midpoint windows around the transition region.
-0.96854356128791053
-0.89968680230279041
-0.83083004331767030
-0.76197328433255007
-0.69311652534742996
-0.62425976636230984
-0.55540300737718962
-0.48654624839206950
-0.41768948940694939
-0.38326110991438933
-0.34883273042182927
-0.31440435092926922
-0.27997597143670916
-0.24554759194414905
-0.21111921245158893
-0.17669083295902888
-0.14226245346646882
-0.10783407397390876
-0.073405694481348704
-0.038977314988788592
-0.0045489354962284789
0.029879443996331578
0.064307823488891636
0.098736202981451693
0.13316458247401175
0.16759296196657181
0.20202134145913186
0.27087810044425198
0.33973485942937209
0.40859161841449221
0.47744837739961254
0.54630513638473266
0.61516189536985277
0.68401865435497289
0.75287541334009300
0.82173217232521312
0.89058893131033323
0.95944569029545357
1.0283024492805735
